3 -1
4 -1
6 1
75 -1
189 -1
313 1
319 1
320 -1
368 1
369 -1
440 -1
508 -1
598 -1
618 -1
626 -1
638 -1
641 1
718 1
736 -1
754 -1
756 1
757 1
758 1
765 1
805 -1
814 -1
815 -1
852 1
937 1
938 -1
940 -1
941 -1
954 1
955 -1
982 1
1065 -1
1066 -1
1068 1
1085 1
1096 -1
1113 -1
1129 -1
1137 -1
1139 -1
1143 1
1156 1
1160 -1
1165 1
1170 1
1189 -1
1190 1
1192 -1
1194 -1
1197 -1
1198 1
1201 -1
1207 -1
1211 1
1218 1
1219 1
1238 -1
1239 1
1256 -1
-1 1259
