65 1
123 -1
168 1
174 1
217 1
252 1
294 -1
374 -1
375 1
424 -1
425 1
434 1
435 -1
574 1
627 -1
638 -1
639 1
644 -1
650 -1
667 1
686 -1
695 -1
711 1
719 1
720 -1
754 -1
755 1
757 1
823 -1
875 1
893 -1
937 -1
942 -1
944 -1
945 1
946 1
948 -1
958 1
970 -1
991 1
997 -1
999 -1
1002 -1
1064 -1
1074 -1
1102 1
1156 1
1162 -1
1174 -1
1175 -1
1188 -1
1189 -1
1196 1
1210 1
1212 1
1213 -1
1223 1
1236 1
1251 -1
1252 1
1253 -1
1255 -1
1256 -1
-1 1259
