63 1
80 -1
143 1
144 1
167 -1
189 -1
218 -1
234 -1
241 -1
248 1
268 1
295 -1
356 -1
395 1
420 -1
422 -1
500 -1
528 1
546 1
638 -1
666 -1
667 1
671 1
681 1
696 -1
723 1
738 -1
739 1
740 -1
747 1
748 1
749 -1
751 1
752 1
756 -1
781 1
797 -1
805 -1
849 -1
856 -1
860 -1
903 -1
925 -1
943 1
946 1
992 1
1050 -1
1065 1
1075 -1
1079 -1
1085 1
1086 -1
1088 -1
1096 1
1112 1
1113 -1
1176 -1
1178 1
1186 -1
1214 1
1238 -1
1242 -1
1256 -1
-1 1259
