3 -1
18 -1
72 -1
123 -1
136 -1
159 1
199 1
247 -1
269 1
294 -1
377 1
386 1
450 1
451 -1
470 -1
481 1
485 -1
637 -1
638 -1
639 1
682 -1
683 1
695 -1
696 -1
697 -1
700 1
701 1
723 1
734 -1
742 1
753 -1
849 -1
853 1
888 1
889 1
946 1
976 -1
1001 1
1018 1
1073 -1
1076 -1
1088 -1
1094 -1
1098 -1
1120 -1
1136 -1
1139 -1
1140 -1
1141 -1
1143 1
1161 -1
1185 1
1190 -1
1200 -1
1202 1
1203 1
1211 1
1213 1
1215 -1
1244 1
1253 -1
1256 -1
1257 1
-1 1259
