2 1
47 -1
51 1
110 1
174 1
175 1
274 -1
425 1
455 -1
485 -1
495 -1
544 1
545 1
618 -1
637 -1
638 -1
639 1
640 -1
641 1
644 -1
646 1
649 1
650 -1
654 1
667 1
676 1
681 1
740 -1
749 -1
753 -1
758 1
781 1
849 -1
868 -1
903 -1
1077 1
1091 1
1108 -1
1119 -1
1167 -1
1176 -1
1183 -1
1184 1
1185 -1
1189 -1
1194 1
1200 -1
1201 -1
1202 1
1207 1
1233 1
1235 1
1239 1
1241 -1
1242 -1
1244 -1
1245 -1
1246 1
1247 1
1248 -1
1255 -1
1256 -1
1257 1
-1 1259
