38 1
39 -1
44 1
71 -1
83 -1
94 1
189 -1
240 -1
264 1
274 -1
292 1
424 -1
498 1
548 1
549 -1
638 -1
666 -1
667 1
676 -1
678 -1
681 1
696 -1
723 1
744 1
745 -1
747 1
751 1
752 1
756 -1
781 1
849 -1
866 -1
883 1
904 1
908 -1
930 -1
936 1
946 1
1017 -1
1053 -1
1054 -1
1075 -1
1091 1
1113 -1
1117 1
1118 -1
1176 -1
1178 1
1180 1
1181 1
1186 -1
1200 -1
1210 1
1214 1
1238 -1
1242 -1
1247 1
1248 1
1249 1
1251 -1
1253 -1
1256 -1
1257 1
-1 1259
