18 1
52 -1
53 1
81 1
130 -1
142 -1
161 1
188 -1
189 -1
193 1
230 1
242 1
269 -1
285 1
295 -1
335 1
416 -1
425 1
434 1
461 -1
468 1
560 1
587 -1
625 1
638 -1
639 1
645 1
712 -1
714 -1
771 -1
772 -1
800 -1
808 -1
809 -1
839 1
840 1
896 -1
897 -1
948 1
951 -1
952 1
958 -1
999 -1
1006 -1
1025 1
1026 1
1027 -1
1074 -1
1093 1
1095 1
1147 -1
1172 -1
1173 -1
1190 -1
1193 -1
1197 1
1200 1
1216 1
1217 -1
1227 -1
1246 1
1256 -1
1257 1
-1 1259
