48 1
212 -1
230 1
247 -1
290 -1
294 -1
435 1
440 1
448 1
468 1
481 1
485 -1
491 1
534 -1
562 -1
621 -1
637 -1
638 -1
639 1
644 -1
647 -1
650 -1
662 -1
667 1
690 1
739 1
745 1
755 1
756 1
757 1
762 1
810 -1
849 -1
853 1
877 -1
878 -1
907 1
913 -1
925 -1
927 -1
941 1
943 1
945 1
946 -1
947 -1
948 1
1014 1
1122 -1
1123 1
1133 -1
1157 -1
1158 -1
1160 -1
1188 -1
1189 -1
1194 -1
1199 -1
1207 1
1215 -1
1223 1
1253 -1
1256 -1
1257 1
-1 1259
