67 -1
249 1
318 1
319 1
381 -1
511 1
632 1
638 -1
667 1
669 -1
682 -1
693 -1
696 -1
697 1
698 1
720 -1
732 -1
734 -1
742 1
746 1
752 -1
754 1
756 -1
761 -1
763 1
795 -1
819 -1
820 -1
839 -1
870 1
876 -1
877 1
882 1
883 1
907 1
946 1
947 1
965 1
968 -1
971 -1
972 -1
976 -1
983 -1
999 -1
1002 -1
1007 1
1013 -1
1014 1
1041 1
1045 -1
1071 -1
1072 -1
1089 1
1090 -1
1091 1
1098 -1
1126 -1
1134 -1
1156 1
1169 -1
1179 -1
1211 1
1257 1
-1 1259
