71 -1
74 -1
81 1
90 -1
114 -1
131 -1
212 -1
278 -1
370 -1
433 1
486 1
502 -1
534 -1
602 1
639 -1
644 -1
652 1
657 1
664 1
675 -1
690 -1
739 1
742 1
750 1
754 -1
756 -1
788 1
823 -1
824 -1
849 -1
903 -1
918 -1
937 -1
940 -1
970 -1
1030 1
1058 -1
1061 -1
1065 -1
1068 -1
1074 -1
1088 1
1092 1
1096 -1
1097 -1
1106 -1
1107 1
1108 -1
1110 1
1122 1
1124 1
1125 -1
1127 1
1158 1
1160 -1
1165 1
1167 -1
1209 -1
1214 1
1216 -1
1238 -1
1254 -1
1255 -1
-1 1259
