10 -1
24 -1
52 -1
94 1
103 1
143 1
279 1
290 -1
294 -1
303 -1
366 -1
414 -1
420 -1
421 -1
425 1
430 1
435 1
453 -1
458 1
485 -1
486 1
491 -1
534 -1
612 -1
618 -1
623 1
635 -1
638 -1
639 1
640 -1
649 1
651 1
656 -1
660 -1
661 1
667 1
679 1
732 -1
882 -1
891 -1
932 1
961 -1
1091 -1
1094 -1
1098 -1
1124 -1
1125 -1
1128 -1
1131 1
1135 1
1192 -1
1198 -1
1204 -1
1211 -1
1213 1
1214 -1
1223 1
1227 -1
1243 1
1249 -1
1255 -1
1256 -1
1257 1
-1 1259
