66 1
193 -1
233 -1
249 1
294 -1
317 -1
380 1
417 -1
432 -1
499 1
568 -1
631 -1
638 -1
639 1
666 -1
693 -1
697 -1
720 -1
730 1
740 -1
751 -1
752 -1
756 -1
758 1
765 1
818 -1
819 -1
839 -1
845 1
876 -1
877 1
882 1
927 -1
946 1
948 1
965 1
967 -1
972 -1
976 -1
983 -1
984 -1
1018 1
1023 -1
1034 -1
1070 1
1071 -1
1088 -1
1089 1
1090 -1
1091 1
1098 -1
1131 1
1133 -1
1197 -1
1198 1
1200 -1
1224 1
1229 1
1236 1
1239 1
1240 1
1256 -1
1257 1
-1 1259
