86 1
90 -1
137 -1
186 -1
189 -1
289 1
290 -1
291 1
308 -1
370 -1
371 -1
375 1
427 1
464 1
466 -1
481 1
486 1
497 -1
505 -1
562 -1
625 1
638 -1
639 1
644 -1
650 -1
667 1
681 1
688 -1
711 1
757 1
763 -1
791 1
805 -1
823 -1
854 1
863 1
867 -1
903 -1
947 -1
960 -1
1007 1
1008 1
1013 -1
1066 1
1068 1
1069 -1
1085 1
1126 1
1127 -1
1129 1
1130 -1
1144 -1
1152 1
1161 -1
1178 1
1190 1
1195 -1
1197 1
1199 1
1214 1
1255 -1
1256 -1
1257 1
-1 1259
