12 1
124 1
169 -1
214 -1
215 1
230 -1
294 -1
375 1
377 1
433 1
434 -1
485 -1
488 1
500 1
637 1
638 -1
639 1
670 1
751 -1
753 -1
754 -1
766 1
797 -1
814 -1
824 -1
826 1
851 -1
876 -1
887 1
939 -1
946 1
952 1
984 -1
999 -1
1016 -1
1018 1
1035 -1
1044 -1
1046 1
1047 1
1071 -1
1075 1
1108 -1
1109 -1
1126 -1
1127 1
1128 -1
1138 -1
1139 1
1161 -1
1164 1
1165 1
1172 -1
1173 1
1192 1
1202 -1
1203 1
1209 1
1212 1
1224 1
1234 -1
1256 -1
1257 1
-1 1259
