58 1
71 -1
90 -1
91 -1
114 -1
130 -1
153 1
173 1
181 -1
297 1
448 1
449 1
489 -1
510 -1
519 1
521 1
527 -1
530 -1
531 1
538 -1
564 1
593 -1
638 -1
641 1
644 -1
650 -1
652 1
692 -1
697 -1
700 1
709 -1
738 -1
753 -1
814 1
819 -1
823 -1
849 -1
874 1
875 -1
921 -1
937 -1
949 1
970 -1
1005 -1
1031 1
1063 1
1065 -1
1068 -1
1082 -1
1108 -1
1125 -1
1130 1
1134 -1
1137 -1
1165 1
1196 1
1198 1
1199 1
1220 1
1238 -1
1246 1
1254 -1
1256 -1
-1 1259
