45 1
108 -1
172 1
245 -1
298 -1
360 -1
470 -1
492 -1
493 1
548 1
549 1
553 1
554 1
556 -1
613 -1
624 -1
638 -1
655 1
666 -1
668 1
676 1
704 1
716 1
740 -1
742 1
743 1
750 1
751 1
756 -1
801 1
804 -1
850 -1
931 1
946 1
961 -1
984 1
991 1
997 -1
998 -1
1056 -1
1057 -1
1094 -1
1124 -1
1160 -1
1188 -1
1189 1
1190 1
1191 -1
1192 -1
1198 1
1199 1
1201 1
1213 -1
1215 -1
1216 -1
1221 1
1223 -1
1227 1
1245 1
1247 1
1254 -1
1255 1
1257 1
-1 1259
