92 -1
172 1
206 1
211 1
213 1
247 -1
249 1
250 1
294 -1
307 1
317 1
427 1
439 -1
440 1
462 1
481 1
485 -1
505 -1
554 -1
573 -1
574 1
632 1
638 -1
664 1
665 1
695 -1
696 -1
718 1
720 -1
732 -1
737 -1
739 1
745 1
759 1
760 -1
824 -1
825 1
829 1
937 -1
946 1
949 1
1078 -1
1079 -1
1090 -1
1107 -1
1108 -1
1136 -1
1137 -1
1138 1
1156 1
1161 -1
1171 -1
1189 -1
1200 1
1210 1
1211 1
1214 1
1215 -1
1233 1
1235 1
1240 1
1256 -1
1257 1
-1 1259
