192 1
230 1
262 1
379 -1
570 1
611 1
631 -1
638 -1
639 1
682 -1
693 -1
694 -1
695 -1
720 -1
730 1
735 1
738 -1
741 1
744 -1
758 1
763 1
765 1
818 -1
819 -1
845 1
870 1
876 -1
877 1
882 1
897 -1
946 1
968 -1
972 -1
983 -1
1004 1
1023 -1
1034 -1
1070 -1
1071 -1
1088 -1
1091 1
1108 -1
1111 -1
1134 -1
1152 1
1156 1
1184 1
1188 -1
1189 -1
1198 1
1200 -1
1210 1
1211 1
1214 1
1224 1
1229 1
1230 -1
1235 -1
1239 1
1240 1
1242 -1
1256 -1
1257 1
-1 1259
