3 -1
4 1
51 1
63 -1
98 1
101 1
103 -1
200 1
214 1
241 -1
290 -1
294 -1
369 -1
420 -1
423 -1
429 -1
430 1
462 1
463 -1
479 -1
507 1
553 1
619 1
627 -1
638 -1
639 1
664 -1
667 1
681 1
753 -1
755 1
757 1
804 -1
849 -1
850 -1
870 -1
934 -1
938 -1
950 1
965 -1
1009 1
1031 -1
1032 1
1033 -1
1058 -1
1076 -1
1124 1
1126 1
1132 -1
1134 -1
1182 1
1186 -1
1187 1
1191 -1
1197 -1
1198 1
1221 -1
1226 -1
1241 1
1254 1
1255 -1
1256 -1
1257 1
-1 1259
