71 -1
254 1
274 -1
377 1
421 -1
436 1
505 1
534 -1
564 -1
577 1
627 1
638 -1
639 1
641 1
691 1
732 -1
737 -1
753 -1
754 -1
759 1
760 1
820 1
859 1
883 1
903 -1
947 1
948 1
949 -1
951 1
961 -1
962 1
967 -1
970 1
973 1
977 1
978 1
979 -1
980 1
981 -1
1009 -1
1010 -1
1016 -1
1017 -1
1018 1
1044 -1
1069 1
1070 1
1071 1
1073 1
1076 1
1090 1
1091 -1
1092 1
1124 -1
1134 -1
1136 1
1159 1
1175 1
1211 -1
1214 -1
1234 1
1256 -1
1257 1
-1 1259
