114 1
125 -1
175 -1
176 1
178 -1
249 1
250 1
290 -1
365 1
429 1
461 1
500 1
501 1
534 -1
536 1
553 1
638 -1
685 1
710 -1
719 1
737 -1
747 1
751 -1
753 -1
754 -1
755 1
757 1
765 1
769 1
809 -1
849 -1
850 1
873 1
936 -1
937 -1
938 1
946 1
1002 -1
1007 1
1044 -1
1062 -1
1063 -1
1078 -1
1107 -1
1108 -1
1114 1
1123 1
1136 -1
1137 1
1145 1
1157 1
1161 -1
1164 1
1165 1
1187 -1
1188 1
1210 1
1211 1
1214 1
1215 -1
1233 1
1255 -1
1257 1
-1 1259
