7 -1
71 -1
72 1
90 -1
134 -1
161 -1
162 1
199 -1
200 1
212 -1
230 -1
294 -1
322 -1
348 1
349 -1
386 1
481 1
561 -1
601 1
634 1
638 -1
642 -1
650 -1
654 -1
663 -1
667 1
703 -1
737 -1
739 1
740 -1
745 1
754 -1
762 1
766 1
830 1
892 -1
903 -1
905 -1
906 1
936 -1
941 1
954 -1
1080 -1
1081 1
1085 1
1108 -1
1111 -1
1127 -1
1143 1
1157 -1
1158 -1
1189 -1
1202 1
1205 -1
1206 1
1214 1
1215 -1
1223 1
1233 1
1243 -1
1253 -1
1256 -1
1257 1
-1 1259
