250 -1
294 -1
300 1
311 -1
358 1
380 1
435 1
440 -1
448 1
469 1
485 -1
502 -1
543 1
555 -1
638 -1
639 1
662 -1
667 1
680 -1
685 1
696 -1
697 1
699 1
703 -1
754 -1
760 -1
761 -1
805 -1
806 -1
807 -1
820 -1
823 1
824 1
843 -1
881 -1
882 1
892 -1
917 -1
938 -1
939 -1
942 -1
943 1
945 1
947 1
988 -1
994 -1
1003 1
1012 1
1019 -1
1023 -1
1024 -1
1059 1
1060 1
1084 1
1086 -1
1128 -1
1132 -1
1133 1
1153 1
1156 1
1196 -1
1197 1
1256 -1
-1 1259
