71 -1
74 -1
81 1
90 -1
91 -1
93 1
142 -1
150 1
153 1
189 -1
212 -1
247 -1
278 -1
375 1
401 -1
419 1
434 1
435 -1
437 -1
438 1
466 -1
468 1
489 -1
502 -1
510 -1
531 1
565 1
569 1
602 1
638 -1
640 -1
641 1
644 -1
650 -1
652 1
664 1
692 -1
697 -1
739 1
814 1
852 1
860 -1
903 -1
921 -1
945 -1
949 -1
1020 -1
1025 -1
1030 1
1031 1
1058 -1
1065 -1
1072 -1
1074 -1
1083 -1
1096 -1
1146 -1
1158 1
1192 1
1235 -1
1238 -1
1254 -1
1256 -1
-1 1259
