71 -1
123 -1
150 1
168 1
187 1
189 -1
233 -1
248 1
249 -1
313 -1
375 1
434 1
499 -1
500 -1
541 1
576 -1
626 -1
638 -1
639 1
655 1
664 1
665 1
690 1
692 1
695 -1
696 -1
732 -1
737 -1
741 1
742 1
751 -1
752 -1
753 -1
758 1
792 -1
820 -1
836 -1
837 1
849 -1
850 -1
876 -1
881 1
946 1
947 1
949 1
968 -1
971 -1
1002 -1
1003 -1
1045 -1
1071 -1
1072 -1
1074 -1
1076 -1
1131 1
1134 -1
1192 1
1193 -1
1215 -1
1220 -1
1253 -1
1256 -1
1257 1
-1 1259
