71 -1
90 -1
153 1
341 1
415 -1
434 1
435 -1
473 1
502 -1
509 1
529 1
639 -1
640 -1
641 1
644 -1
652 1
665 1
687 1
692 -1
694 1
715 -1
719 1
804 -1
823 -1
854 1
858 -1
899 1
903 -1
920 -1
970 -1
1011 -1
1014 -1
1022 1
1125 -1
1126 1
1127 1
1129 -1
1164 -1
1167 -1
1169 -1
1191 -1
1195 1
1197 -1
1198 1
1204 -1
1208 -1
1213 1
1219 -1
1222 1
1224 -1
1227 -1
1228 1
1233 1
1235 -1
1236 -1
1238 -1
1242 -1
1247 -1
1249 1
1250 1
1252 -1
1254 -1
1256 -1
-1 1259
