24 1
32 1
102 1
189 -1
208 1
230 -1
247 -1
250 1
257 1
258 1
284 1
390 1
422 -1
425 1
481 -1
577 -1
641 1
642 1
733 1
734 -1
753 -1
754 -1
758 1
759 1
764 -1
767 1
785 1
830 -1
834 -1
835 -1
845 1
860 1
876 -1
892 -1
903 -1
946 1
950 -1
954 1
955 -1
984 -1
987 -1
990 -1
1019 -1
1027 1
1079 -1
1081 -1
1085 1
1088 1
1091 1
1099 -1
1103 1
1122 1
1134 -1
1143 1
1198 1
1201 1
1205 -1
1206 -1
1208 -1
1218 1
1239 -1
1241 1
1256 -1
-1 1259
