71 -1
90 -1
153 1
155 -1
174 1
183 -1
244 -1
278 -1
307 -1
309 -1
341 1
351 -1
368 1
370 -1
377 1
419 1
422 1
439 1
497 -1
500 -1
502 -1
506 -1
509 1
514 -1
607 -1
622 1
638 -1
640 -1
641 1
691 -1
692 -1
709 -1
715 -1
719 1
747 1
751 -1
767 -1
804 -1
815 -1
854 1
885 -1
886 -1
887 1
903 -1
904 1
911 1
940 -1
945 -1
947 -1
960 -1
968 1
970 -1
1126 1
1128 1
1151 1
1156 -1
1158 1
1214 -1
1228 -1
1233 -1
1246 -1
1254 -1
1256 -1
-1 1259
