90 -1
138 -1
178 -1
179 1
369 1
370 -1
428 1
454 1
455 -1
502 -1
517 -1
554 -1
555 1
604 1
611 1
621 1
638 -1
648 1
650 -1
651 1
681 -1
682 -1
688 1
710 -1
737 -1
738 -1
739 1
752 -1
754 -1
810 -1
811 -1
814 1
815 -1
829 -1
830 1
849 -1
873 -1
874 -1
909 -1
920 -1
935 1
938 1
941 -1
960 -1
971 1
983 1
985 1
999 -1
1004 -1
1012 1
1035 -1
1067 1
1128 1
1130 -1
1133 -1
1134 -1
1154 1
1192 -1
1197 -1
1211 1
1235 1
1253 1
1256 -1
-1 1259
