78 1
198 -1
262 1
263 1
294 -1
310 -1
373 -1
385 1
424 -1
427 1
441 1
448 1
485 -1
486 1
558 -1
568 -1
635 1
636 -1
638 -1
639 1
650 -1
675 -1
682 -1
697 -1
698 1
734 -1
738 -1
751 -1
756 -1
758 1
765 1
818 -1
823 -1
876 -1
882 1
886 -1
946 1
950 1
976 -1
991 -1
1019 -1
1071 -1
1075 -1
1091 1
1095 -1
1113 1
1134 -1
1144 -1
1198 1
1200 -1
1201 -1
1202 -1
1204 1
1208 -1
1211 1
1214 1
1221 1
1233 1
1237 1
1240 1
1241 1
1256 -1
1257 1
-1 1259
