38 1
71 -1
98 -1
179 1
219 1
233 -1
244 -1
247 -1
291 -1
302 -1
303 1
355 -1
365 1
425 1
429 1
430 1
481 1
487 -1
491 1
518 -1
525 1
637 -1
638 -1
639 1
667 1
673 -1
680 1
697 -1
737 -1
742 1
746 -1
747 1
753 -1
755 1
757 1
804 1
849 -1
853 -1
867 -1
878 -1
901 -1
946 1
948 1
1035 -1
1050 -1
1051 -1
1061 -1
1079 -1
1091 1
1098 -1
1108 -1
1122 1
1124 1
1134 -1
1145 1
1178 -1
1187 -1
1188 1
1190 1
1210 1
1253 -1
1255 -1
1256 -1
-1 1259
