114 1
178 -1
244 1
245 1
260 1
289 -1
290 -1
292 1
294 -1
305 -1
315 1
365 1
366 1
393 1
425 1
429 -1
468 1
616 1
638 -1
639 1
655 1
664 -1
681 -1
706 -1
734 -1
738 -1
740 -1
744 -1
746 1
747 1
753 -1
754 -1
758 1
795 1
797 -1
804 1
832 -1
852 1
871 -1
876 -1
934 -1
946 1
965 1
1000 -1
1035 -1
1060 1
1061 1
1092 1
1109 -1
1127 -1
1184 1
1190 -1
1191 -1
1195 1
1203 1
1211 1
1222 1
1223 1
1232 -1
1237 -1
1241 -1
1242 -1
1256 -1
-1 1259
