30 -1
39 1
120 1
294 -1
425 1
486 -1
626 -1
627 -1
633 -1
637 -1
638 -1
639 1
648 1
676 1
690 -1
713 -1
720 -1
734 1
742 1
751 1
753 -1
754 -1
755 -1
756 -1
758 1
760 1
771 1
780 1
792 -1
803 -1
804 1
805 1
840 -1
844 1
849 -1
858 1
903 -1
906 -1
917 1
946 1
965 1
967 -1
968 -1
1007 1
1065 -1
1122 -1
1129 -1
1130 -1
1153 -1
1177 -1
1179 1
1193 -1
1195 1
1202 -1
1203 1
1204 1
1206 1
1211 1
1234 -1
1240 1
1241 1
1244 1
1256 -1
-1 1259
