10 -1
58 1
90 -1
92 -1
183 -1
204 -1
302 1
368 1
369 -1
370 -1
425 1
434 1
498 1
554 1
638 -1
639 1
643 -1
656 -1
667 1
683 -1
723 1
729 -1
734 -1
737 -1
739 1
740 -1
751 -1
756 -1
758 1
769 1
805 -1
809 -1
812 -1
849 -1
850 -1
852 1
854 1
859 -1
860 1
872 1
903 -1
932 -1
945 1
1002 1
1004 -1
1060 1
1123 -1
1146 -1
1151 -1
1153 -1
1154 1
1155 -1
1158 -1
1168 1
1177 1
1178 -1
1179 1
1183 1
1198 1
1221 -1
1223 1
1233 -1
1245 1
-1 1259
