44 -1
90 -1
178 -1
179 1
217 1
229 1
247 -1
265 -1
266 1
294 -1
302 1
303 -1
365 -1
423 -1
468 1
479 1
495 -1
498 1
529 1
558 -1
599 -1
600 1
638 -1
639 1
640 -1
650 -1
666 -1
667 1
676 1
685 1
695 -1
710 -1
736 1
740 -1
747 -1
754 -1
757 -1
758 1
841 -1
874 1
903 -1
925 -1
936 -1
938 -1
940 -1
964 1
970 -1
986 1
987 1
1060 -1
1126 -1
1132 -1
1163 -1
1191 -1
1192 1
1193 -1
1196 1
1197 -1
1224 1
1233 1
1251 -1
1252 1
1256 -1
-1 1259
