25 -1
51 1
52 -1
57 1
185 1
211 1
244 1
247 -1
253 1
290 -1
294 -1
307 -1
481 1
497 -1
559 -1
617 -1
637 -1
638 -1
639 1
641 1
644 -1
652 1
662 -1
663 -1
667 1
687 1
734 -1
739 1
747 -1
748 -1
749 1
809 -1
810 -1
814 -1
815 1
849 -1
906 -1
937 -1
938 1
941 1
942 -1
945 1
982 1
1053 -1
1127 -1
1183 1
1187 1
1188 -1
1189 -1
1192 1
1193 -1
1199 -1
1201 -1
1210 1
1214 1
1237 1
1241 1
1251 -1
1252 1
1253 -1
1254 -1
1256 -1
1257 1
-1 1259
